Iteration 2, shape of matrix is: (13903, 6)
Iteration 3, shape of matrix is: (13903, 6)
Rows: 13903, Columns: 18
Theta: theta=[[1.00000000e+00 7.00000000e-01 6.51500000e-01 ... 2.42230061e-03
  5.31441000e+05 2.90117528e+08]
 [1.00000000e+00 6.00000000e-01 6.21200000e-01 ... 1.63290682e-02
  2.70000000e+01 1.00000000e+03]
 [1.00000000e+00 6.40000000e-01 6.21200000e-01 ... 1.12243779e-02
  6.75126900e+06 4.00016880e+07]
 ...
 [1.00000000e+00 5.60000000e-01 5.30300000e-01 ... 4.42710129e-03
  0.00000000e+00 1.25000000e+02]
 [1.00000000e+00 6.80000000e-01 6.36400000e-01 ... 4.59596534e-02
  3.37500000e+06 8.99891200e+06]
 [1.00000000e+00 3.00000000e-01 2.87900000e-01 ... 1.12243779e-02
  1.00000000e+03 4.25152800e+06]], theta.shape=(13903, 19)
Theta transpose: theta_t=[[1.00000000e+00 1.00000000e+00 1.00000000e+00 ... 1.00000000e+00
  1.00000000e+00 1.00000000e+00]
 [7.00000000e-01 6.00000000e-01 6.40000000e-01 ... 5.60000000e-01
  6.80000000e-01 3.00000000e-01]
 [6.51500000e-01 6.21200000e-01 6.21200000e-01 ... 5.30300000e-01
  6.36400000e-01 2.87900000e-01]
 ...
 [2.42230061e-03 1.63290682e-02 1.12243779e-02 ... 4.42710129e-03
  4.59596534e-02 1.12243779e-02]
 [5.31441000e+05 2.70000000e+01 6.75126900e+06 ... 0.00000000e+00
  3.37500000e+06 1.00000000e+03]
 [2.90117528e+08 1.00000000e+03 4.00016880e+07 ... 1.25000000e+02
  8.99891200e+06 4.25152800e+06]], theta_t.shape=(19, 13903)
[Theta * Theta transpose]: theta_mul=[[1.39030000e+04 6.91160000e+03 6.61588870e+03 8.72021000e+03
  2.65123950e+03 4.96577000e+05 2.13650000e+06 3.95157040e+03
  3.55834494e+03 5.99023890e+03 7.14498835e+02 5.17063250e+07
  6.43407092e+08 2.47682634e+03 2.07757162e+03 4.39954122e+03
  2.30748192e+02 8.50613516e+09 2.69689543e+11]
 [6.91160000e+03 3.95157040e+03 3.74301944e+03 4.29743360e+03
  1.31159593e+03 3.06965240e+05 1.19640280e+06 2.47682634e+03
  2.19687742e+03 2.93016599e+03 3.48100477e+02 3.36789625e+07
  3.77671049e+08 1.65252499e+03 1.36348473e+03 2.13793635e+03
  1.10268017e+02 5.59269564e+09 1.62330082e+11]
 [6.61588870e+03 3.74301944e+03 3.55834494e+03 4.12423601e+03
  1.24420464e+03 2.89346832e+05 1.13564976e+06 2.32879440e+03
  2.07757162e+03 2.81579444e+03 3.28697019e+02 3.16644415e+07
  3.57326563e+08 1.54541244e+03 1.28466388e+03 2.05536661e+03
  1.03703925e+02 5.26717063e+09 1.53278535e+11]
 [8.72021000e+03 4.29743360e+03 4.12423601e+03 5.99023890e+03
  1.56756447e+03 2.65389820e+05 1.22823423e+06 2.41459643e+03
  2.18646355e+03 4.39954122e+03 4.04063893e+02 2.55079117e+07
  3.60604158e+08 1.47969202e+03 1.25331018e+03 3.39600703e+03
  1.25410597e+02 4.01111424e+09 1.49666984e+11]
 [2.65123950e+03 1.31159593e+03 1.24420464e+03 1.56756447e+03
  7.14498835e+02 1.02488208e+05 4.28471967e+05 7.47797277e+02
  6.67688695e+02 1.02947773e+03 2.30748192e+02 1.10917250e+07
  1.30160250e+08 4.68950867e+02 3.90829940e+02 7.31804843e+02
  8.65608054e+01 1.86782068e+09 5.46214441e+10]
 [4.96577000e+05 3.06965240e+05 2.89346832e+05 2.65389820e+05
  1.02488208e+05 5.17063250e+07 1.28947928e+08 2.02297642e+05
  1.78061899e+05 1.56883449e+05 2.81682402e+04 8.50613516e+09
  4.44758941e+10 1.39653282e+05 1.14021769e+05 1.00759745e+05
  9.02871523e+03 1.78050602e+12 1.92674412e+13]
 [2.13650000e+06 1.19640280e+06 1.13564976e+06 1.22823423e+06
  4.28471967e+05 1.28947928e+08 6.43407092e+08 7.40198186e+05
  6.58203608e+05 7.78667403e+05 1.16672020e+05 1.53222557e+10
  2.69689543e+11 4.89961576e+05 4.04788843e+05 5.33056866e+05
  3.74034468e+04 2.66506943e+12 1.39222449e+14]
 [3.95157040e+03 2.47682634e+03 2.32879440e+03 2.41459643e+03
  7.47797277e+02 2.02297642e+05 7.40198186e+05 1.65252499e+03
  1.44996088e+03 1.62101198e+03 1.95983411e+02 2.28534850e+07
  2.40285937e+08 1.15288848e+03 9.39832589e+02 1.16711693e+03
  6.10237959e+01 3.79719814e+09 1.04783240e+11]
 [3.55834494e+03 2.19687742e+03 2.07757162e+03 2.18646355e+03
  6.67688695e+02 1.78061899e+05 6.58203608e+05 1.44996088e+03
  1.28466388e+03 1.47185577e+03 1.74331360e+02 2.00504756e+07
  2.12598956e+08 1.00350372e+03 8.28777775e+02 1.06048073e+03
  5.41271920e+01 3.34514298e+09 9.24255571e+10]
 [5.99023890e+03 2.93016599e+03 2.81579444e+03 4.39954122e+03
  1.02947773e+03 1.56883449e+05 7.78667403e+05 1.62101198e+03
  1.47185577e+03 3.39600703e+03 2.56830659e+02 1.38654758e+07
  2.22813401e+08 9.73403236e+02 8.28406807e+02 2.72110205e+03
  7.74514474e+01 2.07679701e+09 9.14909215e+10]
 [7.14498835e+02 3.48100477e+02 3.28697019e+02 4.04063893e+02
  2.30748192e+02 2.81682402e+04 1.16672020e+05 1.95983411e+02
  1.74331360e+02 2.56830659e+02 8.65608054e+01 3.09173670e+06
  3.52553055e+07 1.21846087e+02 1.01287868e+02 1.78527936e+02
  3.68008758e+01 5.27179846e+08 1.47334817e+10]
 [5.17063250e+07 3.36789625e+07 3.16644415e+07 2.55079117e+07
  1.10917250e+07 8.50613516e+09 1.53222557e+10 2.28534850e+07
  2.00504756e+07 1.38654758e+07 3.09173670e+06 1.78050602e+12
  5.38211585e+12 1.60267929e+07 1.30415230e+07 8.19313352e+06
  9.89295312e+05 4.26523838e+14 2.22677251e+15]
 [6.43407092e+08 3.77671049e+08 3.57326563e+08 3.60604158e+08
  1.30160250e+08 4.44758941e+10 2.69689543e+11 2.40285937e+08
  2.12598956e+08 2.22813401e+08 3.52553055e+07 5.38211585e+12
  1.39222449e+14 1.61676591e+08 1.32754810e+08 1.48716140e+08
  1.11485811e+07 9.31272077e+14 8.19467200e+16]
 [2.47682634e+03 1.65252499e+03 1.54541244e+03 1.47969202e+03
  4.68950867e+02 1.39653282e+05 4.89961576e+05 1.15288848e+03
  1.00350372e+03 9.73403236e+02 1.21846087e+02 1.60267929e+07
  1.61676591e+08 8.31990815e+02 6.72072108e+02 6.88806910e+02
  3.74238958e+01 2.65012008e+09 7.10484407e+10]
 [2.07757162e+03 1.36348473e+03 1.28466388e+03 1.25331018e+03
  3.90829940e+02 1.14021769e+05 4.04788843e+05 9.39832589e+02
  8.28777775e+02 8.28406807e+02 1.01287868e+02 1.30415230e+07
  1.32754810e+08 6.72072108e+02 5.52728680e+02 5.86897234e+02
  3.10686692e+01 2.17087191e+09 5.81229711e+10]
 [4.39954122e+03 2.13793635e+03 2.05536661e+03 3.39600703e+03
  7.31804843e+02 1.00759745e+05 5.33056866e+05 1.16711693e+03
  1.06048073e+03 2.72110205e+03 1.78527936e+02 8.19313352e+06
  1.48716140e+08 6.88806910e+02 5.86897234e+02 2.24349561e+03
  5.28175824e+01 1.16653457e+09 6.03606688e+10]
 [2.30748192e+02 1.10268017e+02 1.03703925e+02 1.25410597e+02
  8.65608054e+01 9.02871523e+03 3.74034468e+04 6.10237959e+01
  5.41271920e+01 7.74514474e+01 3.68008758e+01 9.89295312e+05
  1.11485811e+07 3.74238958e+01 3.10686692e+01 5.28175824e+01
  1.73964713e+01 1.69216222e+08 4.61583024e+09]
 [8.50613516e+09 5.59269564e+09 5.26717063e+09 4.01111424e+09
  1.86782068e+09 1.78050602e+12 2.66506943e+12 3.79719814e+09
  3.34514298e+09 2.07679701e+09 5.27179846e+08 4.26523838e+14
  9.31272077e+14 2.65012008e+09 2.17087191e+09 1.16653457e+09
  1.69216222e+08 1.11058738e+17 3.63616341e+17]
 [2.69689543e+11 1.62330082e+11 1.53278535e+11 1.49666984e+11
  5.46214441e+10 1.92674412e+13 1.39222449e+14 1.04783240e+11
  9.24255571e+10 9.14909215e+10 1.47334817e+10 2.22677251e+15
  8.19467200e+16 7.10484407e+10 5.81229711e+10 6.03606688e+10
  4.61583024e+09 3.63616341e+17 5.24231918e+19]], theta_mul.shape=(19, 19)
[Inverse above Theta Multiplication]: theta_inv=[[ 3.84138989e-02  3.82687640e-02 -1.33725748e-01 -1.26638641e-01
  -7.39908105e-03  6.65674983e-06  3.96609427e-07 -6.66303120e-02
   2.62370808e-01  2.06244076e-01  2.06849761e-02 -4.45921812e-08
   6.45697437e-10  2.72767912e-02 -1.49392451e-01 -1.05308055e-01
  -2.41575886e-02  5.99995479e-11 -2.00230390e-12]
 [ 3.82687640e-02  3.90681180e+00 -4.23450648e+00  6.98998918e-04
  -6.03711874e-02 -8.80979372e-07 -1.27834746e-05 -7.67212066e+00
   8.59953345e+00  4.17164026e-02  1.06435650e-02  7.26418082e-08
   4.54691534e-08  4.50009743e+00 -5.24755923e+00 -3.34732141e-02
   1.27661207e-02 -7.97319861e-11 -3.74661586e-11]
 [-1.33725748e-01 -4.23450648e+00  5.25688630e+00  1.58358969e-02
   7.13047701e-02 -1.61527538e-05 -7.65480033e-06  8.48029697e+00
  -1.09558618e+01 -5.73444312e-02 -3.83926702e-02  1.78084140e-07
   8.61509640e-09 -5.00131816e+00  6.79417344e+00  3.30926529e-02
   2.33497191e-02 -4.64747685e-10  3.19233782e-13]
 [-1.26638641e-01  6.98998912e-04  1.58358969e-02  6.97481523e-01
   1.43645808e-03 -1.08560578e-05 -1.48375525e-05 -5.29329413e-02
   5.96942241e-02 -1.20413441e+00 -1.85311136e-02 -1.39820613e-08
   4.32613211e-08  5.65828945e-02 -8.55160989e-02  6.44311017e-01
   3.88816784e-02  1.42874868e-10 -3.42922125e-11]
 [-7.39908105e-03 -6.03711874e-02  7.13047701e-02  1.43645808e-03
   1.12619231e-01 -5.70315176e-06  3.92142889e-07  7.75904727e-02
  -9.70862511e-02 -7.34370665e-03 -4.51627876e-01  3.13787265e-08
  -3.76949657e-09 -3.05075114e-02  3.99886603e-02  5.95419257e-03
   4.81047277e-01 -3.93815718e-11  4.59083030e-12]
 [ 6.65674983e-06 -8.80979376e-07 -1.61527537e-05 -1.08560578e-05
  -5.70315176e-06  1.19475299e-06 -2.04192470e-07 -3.00528608e-05
  -1.68989248e-05  3.28854836e-05  1.94984456e-05 -9.77735956e-09
   5.32909960e-10  2.40799159e-05  2.03729353e-05 -1.37099293e-05
  -1.58330680e-05  2.10108697e-11 -4.18694764e-13]
 [ 3.96609428e-07 -1.27834746e-05 -7.65480033e-06 -1.48375525e-05
   3.92142889e-07 -2.04192470e-07  1.32706077e-07  1.66077459e-05
   3.05885760e-05  2.57017633e-05 -4.07011751e-06  1.46662346e-09
  -4.35144302e-10 -4.48569837e-06 -2.58973201e-05 -1.27855818e-05
   4.73060268e-06 -2.84451418e-12  3.80393582e-13]
 [-6.66303120e-02 -7.67212066e+00  8.48029697e+00 -5.29329413e-02
   7.75904727e-02 -3.00528608e-05  1.66077459e-05  1.65135969e+01
  -1.88657418e+01 -3.63028211e-02  1.51105425e-02  3.68046599e-07
  -5.53054362e-08 -1.02680648e+01  1.22230192e+01  5.25368684e-02
  -4.62101386e-02 -1.28498408e-09  4.25391618e-11]
 [ 2.62370808e-01  8.59953345e+00 -1.09558618e+01  5.96942241e-02
  -9.70862511e-02 -1.68989248e-05  3.05885760e-05 -1.88657418e+01
   2.48224838e+01  2.67275330e-04  3.79935830e-02 -3.39053115e-07
  -7.56360693e-08  1.17807964e+01 -1.62570056e+01 -1.90933418e-02
  -2.90867590e-02  1.32587997e-09  5.08544350e-11]
 [ 2.06244076e-01  4.17164026e-02 -5.73444312e-02 -1.20413441e+00
  -7.34370666e-03  3.28854837e-05  2.57017632e-05 -3.63028211e-02
   2.67275358e-04  2.15938625e+00  6.22865692e-02 -4.23705576e-08
  -7.54938284e-08  1.51142349e-02  4.11996031e-02 -1.18907042e+00
  -9.28071996e-02 -8.69226065e-11  6.00321650e-11]
 [ 2.06849761e-02  1.06435650e-02 -3.83926702e-02 -1.85311136e-02
  -4.51627876e-01  1.94984456e-05 -4.07011751e-06  1.51105425e-02
   3.79935830e-02  6.22865692e-02  2.09991995e+00 -1.48907031e-07
   1.77987086e-08 -1.86292442e-02 -9.45071432e-03 -4.32406432e-02
  -2.43620922e+00  2.37659608e-10 -1.91999836e-11]
 [-4.45921812e-08  7.26418082e-08  1.78084140e-07 -1.39820613e-08
   3.13787265e-08 -9.77735956e-09  1.46662346e-09  3.68046599e-07
  -3.39053115e-07 -4.23705575e-08 -1.48907031e-07  9.23535638e-11
  -3.97022931e-12 -4.53723684e-07  3.45373059e-07 -1.33633780e-08
   1.50241924e-07 -2.15851796e-13  3.18210543e-15]
 [ 6.45697434e-10  4.54691534e-08  8.61509643e-09  4.32613211e-08
  -3.76949657e-09  5.32909960e-10 -4.35144302e-10 -5.53054361e-08
  -7.56360694e-08 -7.54938284e-08  1.77987086e-08 -3.97022931e-12
   1.62563591e-12  1.31376606e-08  7.42926323e-08  3.81480693e-08
  -1.63174217e-08  7.62053958e-15 -1.52650927e-15]
 [ 2.72767912e-02  4.50009743e+00 -5.00131816e+00  5.65828945e-02
  -3.05075114e-02  2.40799159e-05 -4.48569838e-06 -1.02680648e+01
   1.17807964e+01  1.51142349e-02 -1.86292442e-02 -4.53723684e-07
   1.31376606e-08  6.67617613e+00 -7.98625586e+00 -4.06322532e-02
   3.37306765e-02  1.55252306e-09 -7.99602278e-12]
 [-1.49392451e-01 -5.24755923e+00  6.79417344e+00 -8.55160989e-02
   3.99886603e-02  2.03729353e-05 -2.58973201e-05  1.22230192e+01
  -1.62570056e+01  4.11996031e-02 -9.45071432e-03  3.45373059e-07
   7.42926323e-08 -7.98625586e+00  1.11185393e+01  6.58640416e-03
   1.14059828e-02 -1.40799552e-09 -5.54860849e-11]
 [-1.05308055e-01 -3.34732141e-02  3.30926529e-02  6.44311017e-01
   5.95419257e-03 -1.37099293e-05 -1.27855818e-05  5.25368684e-02
  -1.90933418e-02 -1.18907042e+00 -4.32406432e-02 -1.33633779e-08
   3.81480693e-08 -4.06322532e-02  6.58640417e-03  6.69978946e-01
   5.72758341e-02  1.05051123e-10 -3.05327326e-11]
 [-2.41575886e-02  1.27661207e-02  2.33497191e-02  3.88816784e-02
   4.81047277e-01 -1.58330680e-05  4.73060267e-06 -4.62101386e-02
  -2.90867590e-02 -9.28071996e-02 -2.43620922e+00  1.50241924e-07
  -1.63174217e-08  3.37306765e-02  1.14059828e-02  5.72758341e-02
   3.03430234e+00 -2.47650293e-10  1.71831912e-11]
 [ 5.99995479e-11 -7.97319861e-11 -4.64747685e-10  1.42874868e-10
  -3.93815718e-11  2.10108697e-11 -2.84451418e-12 -1.28498408e-09
   1.32587997e-09 -8.69226066e-11  2.37659608e-10 -2.15851796e-13
   7.62053958e-15  1.55252306e-09 -1.40799552e-09  1.05051123e-10
  -2.47650293e-10  5.36445031e-16 -6.02864339e-18]
 [-2.00230390e-12 -3.74661586e-11  3.19233760e-13 -3.42922125e-11
   4.59083030e-12 -4.18694764e-13  3.80393582e-13  4.25391617e-11
   5.08544351e-11  6.00321650e-11 -1.91999836e-11  3.18210543e-15
  -1.52650927e-15 -7.99602276e-12 -5.54860850e-11 -3.05327326e-11
   1.71831912e-11 -6.02864339e-18  1.50602811e-18]], theta_inv.shape=(19, 19)
[Multiplying the inverse of the multiplication with theta transpose]: theta_inv_theta_t=[[-4.23226346e-04 -1.95593965e-04 -2.38365850e-04 ... -9.14888173e-04
   7.91659286e-04 -1.33019011e-03]
 [-2.22586132e-03  1.43635893e-02  2.12929191e-03 ... -8.12392609e-04
  -1.16168804e-02  2.82982942e-03]
 [-1.73840055e-04 -2.15568544e-02 -5.45771245e-03 ...  2.75929754e-03
   8.51905343e-03  2.13587127e-03]
 ...
 [ 1.12296817e-02 -1.54038299e-03  3.29226890e-03 ...  9.37736616e-03
  -1.93984626e-02  4.08672722e-03]
 [ 1.22779305e-10 -1.33489402e-10 -5.92333682e-10 ... -1.36606174e-10
  -3.17239436e-10 -1.26662758e-10]
 [-5.66392955e-12 -7.72029107e-12 -3.94403087e-12 ... -8.23406347e-12
   6.54493937e-12  1.18095107e-11]], theta_inv_theta_t.shape=(19, 13903)
[WOPT:multiply theta expression with training data set to find WOPT]: wopt=[ 2.17880217e-09 -9.79416064e-08  1.17262288e-07  7.35015315e-09
 -2.30900108e-08  1.00000000e+00  1.00000000e+00  2.15821244e-07
 -2.63358521e-07 -2.20695027e-08  4.48717561e-08  4.91617923e-16
  3.93164742e-16 -1.35737322e-07  1.66861771e-07  1.16116059e-08
 -4.93860517e-08 -7.23588483e-18 -3.95294725e-19], wopt.shape=(19,)
